# Parameters for TRANSP Controller

A 10 10
-4.973912119834776e+03	-3.511450131276351e+02	-3.488743228842416e+02	-1.703566934326358e+02	-4.978765073469226e+01	-1.393692914368188e+02	-6.127383056851384e+01	6.706522430160753e+01	-2.092878662446159e+01	1.013563451282547e+01
2.711012212191145e+03	-2.865704806355676e+03	6.728060655693378e+02	-4.070645073082856e+02	-2.495961147577561e+02	9.185863486833156e+01	4.270206703032955e+01	-1.744895847763805e+02	1.151057218962973e+02	1.143045080415583e+01
2.206936013272757e+03	2.100970362742481e+03	-3.142552896961147e+03	1.137993201719836e+03	-6.120181342010662e+02	6.291721644046245e+01	-6.222356112030662e+01	9.653648269826962e+01	-1.588818987757966e+02	1.813900852991238e+02
-2.812143942517363e+03	-1.133625417854972e+02	1.301211547294702e+03	-3.711063707024649e+03	2.217805812088792e+03	-1.393730765359209e+03	2.232233356107336e+02	-3.848551471673400e+01	1.960891268665537e+02	-2.058932578425561e+02
-8.170614055184801e+02	-2.707915180402247e+03	1.096328517855933e+02	2.257249494745363e+03	-5.009129339265925e+03	3.281317066858573e+03	-1.912585669095403e+03	5.564863647530842e+02	-1.558630873316166e+02	3.152709722125584e+02
-1.034558489076912e+02	1.732926652516687e+03	-1.468526352273303e+03	-5.286400923236138e+02	3.152330774298405e+03	-6.119275758559776e+03	4.637269024766035e+03	-2.739449375698153e+03	9.851041448736752e+02	-2.749595453387205e+02
1.822230269616688e+03	-4.623120301902264e+01	1.306878950941921e+03	-1.391401421899609e+03	-8.396796074125513e+02	4.318956617066608e+03	-7.843689811672656e+03	6.167972102873374e+03	-3.667250669322822e+03	1.517686411352534e+03
-3.622577773077886e+02	8.862838220518614e+01	-8.795257074862883e+02	1.603186358007047e+03	-1.194614094475229e+03	-1.634808021381419e+03	5.700144810670616e+03	-9.810859307047089e+03	7.928710226554262e+03	-4.738683135314674e+03
-7.263634124089434e+02	-7.771669274300625e+02	6.490706937831299e+02	-1.069761332919006e+03	1.580976624378124e+03	-8.962769501432178e+02	-2.458443184924575e+03	7.355976188024664e+03	-1.208151948184655e+04	9.832629968031162e+03
-4.902789062509869e+02	8.331963205315130e+02	-7.416837362436078e+02	7.810996643715939e+02	-1.174093266569801e+03	1.625819795212219e+03	-4.682592249444741e+02	-3.470900280210842e+03	9.149213878309301e+03	-1.452934564193919e+04

B 10 1
-3.707290005122292e+00
2.512068865018827e+00
5.232400920427962e+00
-2.541079137068051e+00
-4.373166128306913e+00
1.456841854316497e+00
3.094546775654481e+00
-6.735901324176339e-01
-1.797953340633570e+00
2.337048724906399e-01

C 6 60
0.000000000000000e+00	0.000000000000000e+00	0.000000000000000e+00	0.000000000000000e+00	0.000000000000000e+00	1.000000000000000e+00	0.000000000000000e+00	0.000000000000000e+00	0.000000000000000e+00	0.000000000000000e+00	0.000000000000000e+00	0.000000000000000e+00	0.000000000000000e+00	0.000000000000000e+00	0.000000000000000e+00	0.000000000000000e+00	0.000000000000000e+00	0.000000000000000e+00	0.000000000000000e+00	0.000000000000000e+00	0.000000000000000e+00	0.000000000000000e+00	0.000000000000000e+00	0.000000000000000e+00	0.000000000000000e+00	0.000000000000000e+00	0.000000000000000e+00	0.000000000000000e+00	0.000000000000000e+00	0.000000000000000e+00	0.000000000000000e+00	0.000000000000000e+00	0.000000000000000e+00	0.000000000000000e+00	0.000000000000000e+00	0.000000000000000e+00	0.000000000000000e+00	0.000000000000000e+00	0.000000000000000e+00	0.000000000000000e+00	0.000000000000000e+00	0.000000000000000e+00	0.000000000000000e+00	0.000000000000000e+00	0.000000000000000e+00	0.000000000000000e+00	0.000000000000000e+00	0.000000000000000e+00	0.000000000000000e+00	0.000000000000000e+00	0.000000000000000e+00	0.000000000000000e+00	0.000000000000000e+00	0.000000000000000e+00	0.000000000000000e+00	0.000000000000000e+00	0.000000000000000e+00	0.000000000000000e+00	0.000000000000000e+00	0.000000000000000e+00
0.000000000000000e+00	0.000000000000000e+00	0.000000000000000e+00	0.000000000000000e+00	0.000000000000000e+00	0.000000000000000e+00	0.000000000000000e+00	0.000000000000000e+00	0.000000000000000e+00	0.000000000000000e+00	0.000000000000000e+00	1.000000000000000e+00	0.000000000000000e+00	0.000000000000000e+00	0.000000000000000e+00	0.000000000000000e+00	0.000000000000000e+00	0.000000000000000e+00	0.000000000000000e+00	0.000000000000000e+00	0.000000000000000e+00	0.000000000000000e+00	0.000000000000000e+00	0.000000000000000e+00	0.000000000000000e+00	0.000000000000000e+00	0.000000000000000e+00	0.000000000000000e+00	0.000000000000000e+00	0.000000000000000e+00	0.000000000000000e+00	0.000000000000000e+00	0.000000000000000e+00	0.000000000000000e+00	0.000000000000000e+00	0.000000000000000e+00	0.000000000000000e+00	0.000000000000000e+00	0.000000000000000e+00	0.000000000000000e+00	0.000000000000000e+00	0.000000000000000e+00	0.000000000000000e+00	0.000000000000000e+00	0.000000000000000e+00	0.000000000000000e+00	0.000000000000000e+00	0.000000000000000e+00	0.000000000000000e+00	0.000000000000000e+00	0.000000000000000e+00	0.000000000000000e+00	0.000000000000000e+00	0.000000000000000e+00	0.000000000000000e+00	0.000000000000000e+00	0.000000000000000e+00	0.000000000000000e+00	0.000000000000000e+00	0.000000000000000e+00
0.000000000000000e+00	0.000000000000000e+00	0.000000000000000e+00	0.000000000000000e+00	0.000000000000000e+00	0.000000000000000e+00	0.000000000000000e+00	0.000000000000000e+00	0.000000000000000e+00	0.000000000000000e+00	0.000000000000000e+00	0.000000000000000e+00	0.000000000000000e+00	0.000000000000000e+00	0.000000000000000e+00	0.000000000000000e+00	0.000000000000000e+00	1.000000000000000e+00	0.000000000000000e+00	0.000000000000000e+00	0.000000000000000e+00	0.000000000000000e+00	0.000000000000000e+00	0.000000000000000e+00	0.000000000000000e+00	0.000000000000000e+00	0.000000000000000e+00	0.000000000000000e+00	0.000000000000000e+00	0.000000000000000e+00	0.000000000000000e+00	0.000000000000000e+00	0.000000000000000e+00	0.000000000000000e+00	0.000000000000000e+00	0.000000000000000e+00	0.000000000000000e+00	0.000000000000000e+00	0.000000000000000e+00	0.000000000000000e+00	0.000000000000000e+00	0.000000000000000e+00	0.000000000000000e+00	0.000000000000000e+00	0.000000000000000e+00	0.000000000000000e+00	0.000000000000000e+00	0.000000000000000e+00	0.000000000000000e+00	0.000000000000000e+00	0.000000000000000e+00	0.000000000000000e+00	0.000000000000000e+00	0.000000000000000e+00	0.000000000000000e+00	0.000000000000000e+00	0.000000000000000e+00	0.000000000000000e+00	0.000000000000000e+00	0.000000000000000e+00
0.000000000000000e+00	0.000000000000000e+00	0.000000000000000e+00	0.000000000000000e+00	0.000000000000000e+00	0.000000000000000e+00	0.000000000000000e+00	0.000000000000000e+00	0.000000000000000e+00	0.000000000000000e+00	0.000000000000000e+00	0.000000000000000e+00	0.000000000000000e+00	0.000000000000000e+00	0.000000000000000e+00	0.000000000000000e+00	0.000000000000000e+00	0.000000000000000e+00	0.000000000000000e+00	0.000000000000000e+00	0.000000000000000e+00	0.000000000000000e+00	0.000000000000000e+00	1.000000000000000e+00	0.000000000000000e+00	0.000000000000000e+00	0.000000000000000e+00	0.000000000000000e+00	0.000000000000000e+00	0.000000000000000e+00	0.000000000000000e+00	0.000000000000000e+00	0.000000000000000e+00	0.000000000000000e+00	0.000000000000000e+00	0.000000000000000e+00	0.000000000000000e+00	0.000000000000000e+00	0.000000000000000e+00	0.000000000000000e+00	0.000000000000000e+00	0.000000000000000e+00	0.000000000000000e+00	0.000000000000000e+00	0.000000000000000e+00	0.000000000000000e+00	0.000000000000000e+00	0.000000000000000e+00	0.000000000000000e+00	0.000000000000000e+00	0.000000000000000e+00	0.000000000000000e+00	0.000000000000000e+00	0.000000000000000e+00	0.000000000000000e+00	0.000000000000000e+00	0.000000000000000e+00	0.000000000000000e+00	0.000000000000000e+00	0.000000000000000e+00
0.000000000000000e+00	0.000000000000000e+00	0.000000000000000e+00	0.000000000000000e+00	0.000000000000000e+00	0.000000000000000e+00	0.000000000000000e+00	0.000000000000000e+00	0.000000000000000e+00	0.000000000000000e+00	0.000000000000000e+00	0.000000000000000e+00	0.000000000000000e+00	0.000000000000000e+00	0.000000000000000e+00	0.000000000000000e+00	0.000000000000000e+00	0.000000000000000e+00	0.000000000000000e+00	0.000000000000000e+00	0.000000000000000e+00	0.000000000000000e+00	0.000000000000000e+00	0.000000000000000e+00	0.000000000000000e+00	0.000000000000000e+00	0.000000000000000e+00	0.000000000000000e+00	0.000000000000000e+00	1.000000000000000e+00	0.000000000000000e+00	0.000000000000000e+00	0.000000000000000e+00	0.000000000000000e+00	0.000000000000000e+00	0.000000000000000e+00	0.000000000000000e+00	0.000000000000000e+00	0.000000000000000e+00	0.000000000000000e+00	0.000000000000000e+00	0.000000000000000e+00	0.000000000000000e+00	0.000000000000000e+00	0.000000000000000e+00	0.000000000000000e+00	0.000000000000000e+00	0.000000000000000e+00	0.000000000000000e+00	0.000000000000000e+00	0.000000000000000e+00	0.000000000000000e+00	0.000000000000000e+00	0.000000000000000e+00	0.000000000000000e+00	0.000000000000000e+00	0.000000000000000e+00	0.000000000000000e+00	0.000000000000000e+00	0.000000000000000e+00
0.000000000000000e+00	0.000000000000000e+00	0.000000000000000e+00	0.000000000000000e+00	0.000000000000000e+00	0.000000000000000e+00	0.000000000000000e+00	0.000000000000000e+00	0.000000000000000e+00	0.000000000000000e+00	0.000000000000000e+00	0.000000000000000e+00	0.000000000000000e+00	0.000000000000000e+00	0.000000000000000e+00	0.000000000000000e+00	0.000000000000000e+00	0.000000000000000e+00	0.000000000000000e+00	0.000000000000000e+00	0.000000000000000e+00	0.000000000000000e+00	0.000000000000000e+00	0.000000000000000e+00	0.000000000000000e+00	0.000000000000000e+00	0.000000000000000e+00	0.000000000000000e+00	0.000000000000000e+00	0.000000000000000e+00	0.000000000000000e+00	0.000000000000000e+00	0.000000000000000e+00	0.000000000000000e+00	0.000000000000000e+00	1.000000000000000e+00	0.000000000000000e+00	0.000000000000000e+00	0.000000000000000e+00	0.000000000000000e+00	0.000000000000000e+00	0.000000000000000e+00	0.000000000000000e+00	0.000000000000000e+00	0.000000000000000e+00	0.000000000000000e+00	0.000000000000000e+00	0.000000000000000e+00	0.000000000000000e+00	0.000000000000000e+00	0.000000000000000e+00	0.000000000000000e+00	0.000000000000000e+00	0.000000000000000e+00	0.000000000000000e+00	0.000000000000000e+00	0.000000000000000e+00	0.000000000000000e+00	0.000000000000000e+00	0.000000000000000e+00

K 1 10
-5.942749208259156e+02	-1.905624705223900e+02	4.439546587102654e+01	1.844865105707038e+01	-3.847696117343026e+01	-1.890090523850277e+01	9.119048654600533e+00	5.624700541323108e+00	-3.621109741167480e+00	-2.864362159688874e+00

L 10 6
3.113028547281050e+02	3.626744855411812e+02	3.922088803437109e+02	3.628375415855767e+02	2.321942339805491e+02	9.884182762930625e+01
4.233765667600781e+02	4.157815681106031e+02	3.109119169210053e+02	1.300413618935755e+02	-8.413198616013545e+00	-4.071787775082984e+01
4.107315472650731e+02	2.176615768383116e+02	-9.061465556592945e+01	-3.060787515639171e+02	-2.090315878035730e+02	-4.771656365133863e+01
3.628437026402242e+02	-1.454037443370437e+01	-3.359941432939501e+02	-2.944738214063491e+02	-5.161425891117550e+01	2.214709596372720e+01
3.152143179737528e+02	-1.503728309897470e+02	-2.354374117423128e+02	7.348954972109627e+01	1.515103487666097e+02	2.618482088317425e+01
2.182270512479138e+02	-2.280322553203640e+02	-3.988791814430544e+01	2.017076868245011e+02	4.230170157937098e+01	-2.537270061749960e+01
1.331934408140603e+02	-2.101231507631673e+02	9.776687375135964e+01	5.676789300927165e+01	-8.025358628080524e+01	-1.625317190972386e+00
7.117834240454447e+01	-1.282287274861688e+02	1.157821607974000e+02	-8.306235364196418e+01	-3.324862381632206e+01	1.325919602644508e+01
2.848375147162532e+01	-4.383094964532857e+01	6.216141029479420e+01	-7.368006018160850e+01	4.582203639792169e+01	-6.750834340903968e+00
1.383660656306841e+00	-6.328875815519229e+00	7.964492153197977e+00	-1.999975616604781e+01	2.760789154850104e+01	-1.371259758077899e+01

F 1 6
-1.554474701271192e+02	-1.561764678726496e+02	-1.545804429070524e+02	-1.466517103813254e+02	-8.032354025431857e+01	-1.542020770284199e+01

u0 1
6.339900000000000e+05

r0 6
1.060297318872589e+05
9.041295844066564e+04
6.626618373112618e+04
3.423317326743704e+04
7.877455869657390e+03
7.162107153544116e+02

rd 6
1.590445978308884e+05
1.356194376609985e+05
9.939927559668926e+04
5.134975990115556e+04
1.181618380448609e+04
1.074316073031617e+03

gauss 60 1
1.160246547685049e-29
3.573811599687897e-29
1.070653826457304e-28
3.119629144588730e-28
8.840833768508971e-28
2.436796977020647e-27
6.532549211727797e-27
1.703255782257964e-26
4.319327021366347e-26
1.065339810705977e-25
2.555607234572821e-25
5.962645963829326e-25
1.353068633947035e-24
2.986311043316503e-24
6.410447582872194e-24
1.338376090695495e-23
2.717703225252607e-23
5.367404605817520e-23
1.031008733710342e-22
1.926174588504057e-22
3.499985058938762e-22
6.185480006466095e-22
1.063200534283339e-21
1.777439763949740e-21
2.890083774087320e-21
4.570476977543245e-21
7.029907284669205e-21
1.051657237927423e-20
1.530149668189130e-20
2.165364531785806e-20
2.980329807453247e-20
3.989641153347832e-20
5.194440406571806e-20
6.577801527174692e-20
8.101367988505834e-20
9.704492869132990e-20
1.130637319451491e-19
1.281179776787541e-19
1.411994875812397e-19
1.513535250488271e-19
1.577931240486856e-19
1.599999999999989e-19
1.577931616694666e-19
1.513535370773135e-19
1.411995044135353e-19
1.281179471330396e-19
1.130636420901609e-19
9.704489398536708e-20
8.101364608351309e-20
6.577798390636132e-20
5.194437620057459e-20
3.989634811990544e-20
2.980327853397664e-20
2.165365564312256e-20
1.530150458624351e-20
1.051657822974931e-20
7.029911474821704e-21
4.570490780259752e-21
2.890085726395145e-21
1.777439446118769e-21
