1.160246547685049e-29
3.573811599687897e-29
1.070653826457304e-28
3.119629144588730e-28
8.840833768508971e-28
2.436796977020647e-27
6.532549211727797e-27
1.703255782257964e-26
4.319327021366347e-26
1.065339810705977e-25
2.555607234572821e-25
5.962645963829326e-25
1.353068633947035e-24
2.986311043316503e-24
6.410447582872194e-24
1.338376090695495e-23
2.717703225252607e-23
5.367404605817520e-23
1.031008733710342e-22
1.926174588504057e-22
3.499985058938762e-22
6.185480006466095e-22
1.063200534283339e-21
1.777439763949740e-21
2.890083774087320e-21
4.570476977543245e-21
7.029907284669205e-21
1.051657237927423e-20
1.530149668189130e-20
2.165364531785806e-20
2.980329807453247e-20
3.989641153347832e-20
5.194440406571806e-20
6.577801527174692e-20
8.101367988505834e-20
9.704492869132990e-20
1.130637319451491e-19
1.281179776787541e-19
1.411994875812397e-19
1.513535250488271e-19
1.577931240486856e-19
1.599999999999989e-19
1.577931616694666e-19
1.513535370773135e-19
1.411995044135353e-19
1.281179471330396e-19
1.130636420901609e-19
9.704489398536708e-20
8.101364608351309e-20
6.577798390636132e-20
5.194437620057459e-20
3.989634811990544e-20
2.980327853397664e-20
2.165365564312256e-20
1.530150458624351e-20
1.051657822974931e-20
7.029911474821704e-21
4.570490780259752e-21
2.890085726395145e-21
1.777439446118769e-21
